8.15893937367518
8.0801127421549
7.92388529038324
7.63458868555219
7.11224006996976
6.72828190183251
9.03223747940248
8.07208194420405
8.03629781231348
6.34383349910288
8.80505427749879
7.87811634553496
5.81408012701678
7.49584492207994
8.78384149087182
9.39111751557468
7.51134343371508
10.2168008651185
6.2629437032656
8.39073386432124
5.72237563171306
6.81588780705622
10.2833506921511
8.66186514036396
5.4010692472244
10.4433532162316
6.17525190814529
7.98309836292376
8.30688154055919
5.59042744841575
5.34541347965101
5.77047316606875
8.10014125701087
7.79501583467523
8.45153276709899
8.09968434080646
9.76878804446464
4.98262274647979
6.76263124099075
8.36019707155433
7.52213819647487
8.92558292312032
5.4943727982454
8.41563250669126
8.51878470868532
6.77273083495684
8.07945486458879
7.95259506948874
6.39535861143316
5.20681804119641
7.06911927790784
6.42095858593817
8.7904602338404
6.53969866676361
8.12695990528953
8.1851751918596
6.94319144450687
9.81007416826901
6.42328813611458
5.83805601256034
7.63735389000972
8.49943833838563
6.81643226165653
7.0334939594873
9.28907453391242
9.80022746932112
9.48806570059181
8.65903233635004
7.50248319130597
7.37678071153685
5.55094545542458
6.90762468664321
8.45826812946883
7.4056499999532
6.13455259652553
7.2495472726357
5.46064608949555
6.37166865124505
4.73704184823594
4.38469728381632
8.89152552109396
8.29077488588841
8.68157466853752
8.76545307679201
8.98834363930554
5.29750550583906
9.16692103623135
6.29772813662856
7.93826533723928
7.62111264784616
6.74647494339049
6.6980362076168
5.12315418359229
5.8532342648536
10.0035715245851
8.08246710067062
5.51190286238755
8.54065152114997
5.68655174798822
7.7283563650938
6.36254689371747
7.95735478353371
6.29235897713534
7.99356525543081
7.51658974940002
10.0798616462213
6.14757023699853
5.10332100986632
7.96844625999989
8.92833306842773
7.13049584047972
5.29266149890748
8.96768427073661
7.62638252620184
9.84818918257332
4.94980498682088
8.16446615632191
9.50962606689559
8.9152405431892
7.60406348133149
9.57744861051718
6.74621167948619
9.49355497433688
4.87126055216506
9.00466195776226
9.08789576089757
8.26416561427991
5.34230111777756
6.22178529548958
6.51144769209421
7.77592610406514
7.97362609270533
8.66028803333566
3.67880122763964
7.9001284156487
6.22148017757629
6.83979770871077
6.46701720372892
9.07086256840634
8.99181209318421
8.16143086866961
7.21460130021936
7.94659855178344
6.36022622092247
6.59090526479269
7.21540067354011
8.85603568278303
5.99000495694047
7.31632039276409
8.28307306704326
8.56990977831075
6.40412270920132
6.00571020268176
3.83433400569474
7.14315476494953
5.99312833408403
4.8063904233595
7.83078852281061
8.1411065892696
9.05722519165254
8.04680282527147
4.19502970489598
9.3905211454238
5.1364742669546
8.56671240218508
8.238659965467
9.58631352576306
6.64557873487388
8.40890446758558
8.57247635146104
7.87703880104387
3.71660675267838
9.30835892483011
8.54123647612476
7.42606504471969
7.67851033493176
5.6399180095533
6.99947561643026
8.16504971014544
9.43774950859794
9.35347370730383
8.00006998723473
9.23894240247846
5.52125644583041
5.68774763952781
8.24278259523708
8.92288878980201
6.29987896995212
8.80882670951264
5.97756964138186
10.0997133038158
6.06442070041424
7.82164631797049
9.26361857482429
5.5881379779258
8.86685212577985
3.81014485748127
8.8827297951651
7.84979223593001
8.41540108798645
8.13883526518983
7.67978005785635
9.78733402047897
8.31198786847859
6.33852583986551
6.17449569003577
8.38823176588597
6.79139297043546
8.72511039777419
7.07340376890214
8.96203479523507
6.52581178517834
6.98338294098633
7.34953064173495
9.20659404679265
5.92259929252521
5.57672737771066
5.99395117661867
7.21701949063708
6.81050410414153
5.33047766213371
6.46403130618282
6.75077123158011
6.67571956593443
7.85093298372901
7.69311709625909
6.4096212053051
9.61239213828466
6.77797047502559
8.17851638080439
5.65364455045586
8.68773872326405
8.93667984834325
8.85096477484083
5.54973686356528
8.13673633403184
6.64383238771114
6.49628660698991
6.91440053729458
8.21954820636013
5.94932811215062
7.77155053477483
10.374720362789
6.73991605853977
5.41087710877928
9.0845830940967
6.5717278958809
6.17750632032251
8.36899273246851
7.25795145418441
7.25881978079026
6.73484829238127
7.12419772907026
6.2938622629329
6.71537100578933
6.89609335515182
7.79911255965645
7.38802767115355
6.39971403633945
6.05973726401168
5.3832063901413
9.19823334184066
6.25863703641409
7.02047811844693
9.13711167207957
8.34455463284016
5.64070340791364
3.66442852816859
9.14198341752601
6.65146432872939
7.43185754141076
7.97931800658042
7.38532402140851
7.6919473158188
6.73854377224409
9.91172923444292
9.91078607668577
8.01034884799082
6.50809704059232
8.29853407771934
9.19207690537045
9.67340255026698
9.22405308196121
9.61443793220641
5.61303588903986
5.80596292351953
6.39113868919002
6.06683582674364
6.45495841281084
9.37900285028714
8.10136478094268
8.67828915907101
6.34096487428102
9.03673011827524
6.59671957487071
6.29206856129919
7.06420502074627
3.28719112606542
8.42245298031938
4.72484126261671
8.52192870708009
2.93821883419071
7.58376124590806
6.68541258506368
3.43511396057991
6.73884569579144
6.04478475507664
6.48826610012634
5.15698641454452
7.37018880865916
8.77967428142644
6.56510069388743
9.43545441758308
7.58667302098962
8.75112948818817
7.34292710812807
8.65861276475802
9.02699201792104
7.56995798439472
6.40156844798494
7.479445116509
9.2339394675233
7.00100953275987
5.81132849162724
6.29180105328506
8.15017511675075
9.29959169079212
6.52856397644037
8.46749270398016
6.29143508647971
8.20329354903318
7.02664752533038
5.38566988403136
5.75590990393024
6.18983224012338
6.59729365693334
7.02388042552538
9.38597213303976
6.99943564690478
8.68269024709933
6.65168746017222
9.03709590695301
8.77338791126685
6.38711399364221
5.89385789868638
7.96886005317521
8.05644406985283
6.47108566023968
8.08055012300227
8.06923614205469
9.78935077077718
6.35237772365147
7.74258276570808
9.30866109983793
9.37728583908057
7.14089803155938
3.18203579612449
7.621314159552
6.19825538285528
9.17319494327655
6.25307503631584
6.03543203242304
6.82769244729209
3.7538619666708
7.88879422253247
7.8925657086371
9.88117549244261
6.66148542632127
8.26631456248974
6.02141696061727
4.59194495725611
5.97396835122508
8.72979980127817
8.13727805432866
7.2990010951924
7.48896545243009
4.01231660393983
7.35250846649138
8.84306713661357
9.40974399229265
5.17605123198338
6.44269439352568
6.3769350996702
8.54361247598803
5.71811748224292
9.61559111084797
8.2461984379194
5.14065457194943
9.07794067631398
8.26509338050585
9.31156318782848
4.2405311069283
7.54883972968342
8.48100166597296
5.88347989736781
8.47274700335907
7.60266364811422
4.52197200117035
6.68859382396925
5.49074894924118
7.96055539886347
4.95465883429853
6.40995898599708
3.66479878542697
9.01218709074495
5.76511057271455
8.44606207289847
9.1703937744685
6.1817114730836
6.03171684733582
6.90363839660715
8.66256453471049
8.11732653195638
8.69288126639791
6.91741012052615
5.9579351475716
5.72044255719049
6.54861385035033
5.36535106015237
6.60305541309405
4.19697881364774
7.72215633467572
5.38211830348095
9.30632978879239
8.09639591029184
5.73476744521099
7.76906457271354
6.24686175736147
6.66576646223215
8.80045189342587
4.17327696513949
7.06903738746231
7.13689626845001
6.19884172678745
8.11094481585859
8.34431133513175
7.87310317484738
5.70053454998622
6.49054284905702
9.95951056050189
7.05539538398389
6.31076960524593
8.04480830544533
9.34865311088585
9.92920332138033
9.83318874052833
8.62186024333823
8.1887375104419
7.10771228779703
6.21492410221794
8.93438067353476
7.12132116059679
8.49188691492819
9.37714719505968
8.02030547771013
10.0867057916963
7.61500834553673
7.67070524011513
4.69987315061053
7.83373971951503
6.74154295153815
6.80140724702146
7.68102291156615
6.18809202221224
8.10699561159802
9.41823310682299
4.48876296399402
7.63408494289407
8.42258564470362
7.37678822694009
7.70952020019795
6.0588381186936
5.83231828625899
9.01044476328439
8.11633768252953
8.56648645733333
6.44640046165047
9.17752501101712
7.32908538974643
6.71213648909197
8.49398058360638
9.20327287542935
9.39947255028022
6.32848167972083
5.99779815554276
7.78961017896329
8.66724944100946
2.52342530855872
9.28141510146868
8.70401765847755
7.1929473673717
6.62382352598924
5.92789180082578
8.61288775003117
6.9665953363352
7.95735246790811
7.63888501987835
7.44067919953257
9.13012359527256
8.60472670984032
8.20328931248961
5.32828099760439
7.22329050236111
7.04523557181892
8.54222323729066
4.89173809540661
6.97044857354267
7.46537726689629
6.55791693322883
7.97911222509486
5.45362891042872
6.42717300541317
5.77269541833008
3.81118727698558
9.21139906218293
5.68280110349874
7.02754769524099
6.64261019486054
5.80463877424791
5.84325588841534
6.46877149120882
3.75515221158573
8.52904374436232
6.80882714904651
8.62472993702039
10.0038624372371
4.37331566116926
3.66265366511358
7.77205911877585
7.86332177480526
9.37703871394707
6.21089088464876
5.55093470497746
8.19226778229764
5.62552540981932
7.38239637445277
6.24461606896359
6.29250308446903
9.82772455125106
9.73409839199334
5.19743990922107
7.29042740129897
6.26468507457363
5.5600766495831
5.96292571055918
8.90886372590472
6.30613291293326
6.66223763217858
6.37545651011468
5.5399975221704
8.14319226181655
3.82540809541591
4.40986561330204
9.00143472095885
5.87488999923879
7.26912157092492
5.5781461944498
5.90432627548804
8.55634035895696
7.38663937824656
6.90708507569488
7.38648624844911
6.34879262946139
7.85483640841753
5.2984755764312
5.88088850689574
5.38879011576482
9.58666593247276
6.66029942885903
7.96553007758891
8.69675243696913
5.18205917656702
8.0075316528853
7.20493674160763
7.47992727733236
8.45289855081843
5.52351334898151
8.35657218946843
4.49090502142254
8.6789524758078
5.49434327504287
8.37550903245869
6.90430231125119
7.51922118677069
3.00297541664829
8.77428820486126
6.02327066808606
9.06303815537389
8.43815314885874
7.14513756321541
9.21511187368875
8.78550773387313
9.62847117862694
9.54895984529758
6.39253005881825
7.62417594568851
8.0296405368965
8.4958077495674
6.3046838824091
6.92093100229445
7.13544883425798
8.41609456926194
8.71024581175491
6.70101458693288
7.67598921212641
4.71437281221113
6.95550291914531
8.77767094030178
7.96127966925188
6.17206767176903
9.41815649273626
9.28627918887994
7.71963947756782
7.53160933402668
9.01373893619319
8.48712877912055
6.48639579639653
8.81385239653353
6.4425711283761
9.00126800853002
8.26136550628346
6.03239991788708
7.45822494851609
6.15209265415966
5.95695052479253
9.17515385580055
6.52431137795997
6.51037520701396
6.88933484413223
9.71868326415753
7.11326518216968
8.87354859661863
7.83659064480295
9.37888051640227
7.34098643689909
6.82690725866265
6.52618346630714
3.92089142297625
8.63722629219572
6.31310481064784
8.57961972131015
6.07539871379395
9.07831120387145
9.5885380951105
7.13085462893506
6.29940112750957
9.30980841291816
8.6664789172567
8.52155618486428
5.1019579208046
8.64215152429646
8.04349271547153
5.90788379410871
6.46720803420108
6.59808266548069
7.46507052456967
9.12462381918948
7.07684013852556
9.6062349254899
6.10541571225295
8.47882707780084
5.94708762781208
5.12200193325699
4.93903712910656
8.67956517900066
6.58918135229597
8.98028094818256
7.10264218261863
6.31542007731422
7.92159354758452
6.17193552503706
6.58393744454094
9.83138239973898
6.13576628638928
10.0579996299847
9.47678704727785
5.70053944651001
7.00776028860043
6.68235875833081
7.55513522758067
7.10858790037248
9.07925325445191
8.79549973288047
6.93087366323912
3.72932657458963
7.08034710302048
7.1922597154917
5.80139288780981
9.30415981668132
9.0173540253874
7.57596795726354
6.10186373583944
8.23879271510964
5.04570054712418
5.45213720864938
5.70188264294312
8.47328535306374
5.98011882675527
6.81350541496535
8.24238651259501
8.27849461393915
9.51672301723473
6.00921470841668
8.10257573015924
5.99685709983314
6.05449394663921
9.70404050457799
5.96366285324195
6.7463606263435
8.1950458793559
5.77039997306052
8.33038931396132
9.11113003410937
7.73746096071579
5.85813830278445
7.92108047222894
5.92331997257477
7.57346012847576
6.10605547905804
6.69101826099983
5.65901332864912
6.97162641030416
8.61625341752191
5.74448557188424
8.42790521937498
5.37738360556115
6.00960508498758
5.30044637570989
7.1598417105071
6.76463539252358
7.25404881918506
9.50708718863098
8.43704466144015
7.39049840932056
7.65714315162171
9.31067898176017
7.59288564595151
6.06646475682805
7.07552375529535
9.00321554067898
5.41515836956613
7.29950319178299
6.00987739232437
5.25589487849529
6.63329850730338
6.55614747602292
6.86155627769435
5.39908696971308
8.61089961443424
6.00617615398962
6.92014474445868
9.31830070207462
6.06385552975966
6.07644113382685
8.22834894630953
9.64111487092561
6.41478129829263
8.62686598812528
6.81368629304686
7.62028497987326
9.53710796449529
9.12088433799046
7.78741578986155
9.80568478313579
7.17916812269606
7.95061430314265
9.550530726945
9.65809712975238
7.11343019068864
5.96244695951203
7.70387930837341
8.85097103781816
7.34222527696344
5.42405950799911
5.28022545092461
8.72028334518667
9.7341755576174
7.2868618735779
9.7211881666496
6.95881705735053
7.78419851531719
8.36232095691487
7.15918987735279
9.49014204609096
8.19878070668391
5.6894145452676
8.65225715275368
6.00933845041675
8.17262030312591
6.18445255795877
9.09020986655267
5.9367997930169
5.74857754953745
7.52192227634162
4.73336586543459
8.46124643301799
6.10314344717888
9.40763983266302
6.42885721105399
8.90203342926345
6.05237216052156
7.56841071617408
9.53688961459432
9.18356214319622
7.49468913328264
6.76593291288132
8.40792243155681
9.31492633503924
9.43178620336904
7.80656684212877
10.0429916635581
9.06708130469353
6.82404982038363
6.64883813099856
7.82874457752629
6.29352175296533
7.55673437638475
7.17225142358593
9.4008001642046
8.03212137213382
7.70593240764383
8.15137029273609
6.30926481471694
7.6260039657808
8.78841003536678
10.0016027029021
9.34356775182431
9.17129208706772
7.87751114110273
8.27388247988007
6.4997681985288
6.02872337111463
7.13977281045527
8.99101086806237
7.08520984365756
5.13143382861167
8.04937503595666
6.21595279566412
5.5235786611039
9.49402365951346
5.57054551517772
7.31520560614645
6.18375847029486
8.01541646347315
7.75567468839165
8.90222958828398
4.48020412423619
6.57877754241478
5.11021508440861
7.11250807403527
7.94599472682175
6.17578636617176
6.52442824905793
7.70601907339169
7.49640289888347
9.07729000255024
8.97897263147612
7.51617491306339
7.07056433382504
5.70573200848911
5.03890393907382
6.86791948628231
9.45568415068491
7.32827636779424
7.85664043166321
7.56420535234368
6.5322468146766
9.20586203006942
9.2007652630256
8.14205638496458
6.62257985352426
7.11596289279206
9.17313574296485
6.78904512729977
7.66400499982395
9.04284853795833
9.16059598296819
8.75833087533796
8.6905162333583
8.82791648029107
6.26521797615234
8.04703719807734
6.73645999520427
7.967757477088
6.28704151944499
5.69809700232656
9.22453980904469
8.31848191925072
6.95784575150094
7.24702214673124
8.39475840750019
5.99520996462215
5.79031303130023
6.66662787972722
5.49310133839419
9.77997838716382
7.91841709558015
6.70838383518861
10.088513805427
8.71269531833122
9.52699487964059
7.81119761380598
5.57831986393297
6.92557333527896
5.81259171290717
9.72715485483475
6.73979006990609
7.78446671786904
8.59700588963235
9.57637703332619
6.28707951589332
5.40788764982796
7.69274264052023
7.8010377569368
8.02344325248878
7.98154220678704
8.94665272622602
9.16182132765086
8.83744628804001
8.0519273474373
7.04733594026563
8.18061892089067
8.70795997731554
7.26768657756153
8.68348645535343
6.16913384106396
9.71218975432781
5.63766822897757
5.85560304455851
7.13044198440175
4.8749643651547
7.02982824076082
6.42797762149341
4.7805113425569
8.85973718101088
5.54987376678706
7.23615037429429
7.29683478082547
5.91170602122445
9.60426299959183
8.58976005792931
5.5212994782386
7.67840204851021
9.8445148480144
8.18422288293311
7.82908142864886
9.32712717371082
9.79665081123097
7.21751438189303
9.67267185486541
8.96093214818865
5.85490692798623
5.04545485889983
8.44065243992046
6.23482571669752
6.62837624731924
5.97566984118843
5.91121175609093
9.03074661116057
6.98280265035719
7.16323582150919
6.3679101490173
5.59233992273596
7.95156264090809
7.7833617617116
8.81941838515788
4.68175515976034
7.71620873615902
6.75209189046367
8.6521441093322
6.56919568209188
7.56286547804326
9.36007273560552
7.67780237976913
9.42908184883697
5.45563821751656
6.23701442024125
5.6524762079088
7.42792737839191
4.96874589363965
6.88802593869262
5.20908213007862
6.31301404248906
8.06511294388092
9.09828569185574
6.10464377756874
7.69089331302048
7.82394706922449
8.26657090944107
8.04154123710956
7.08116264160824
7.70499619195098
7.31002186189552
8.67809088213893
5.38529017721482
5.96536226298013
7.85390649190267
6.6616546700681
8.98671478364036
5.93435719426381
7.11864204359406
6.86060941679614
7.43705605218828
9.47129187135957
8.09369684881187
5.86073030291265
6.26349235865773
9.16755134142912
9.84804051103123
3.97700432331615
8.1507361033276
9.31729634512985
6.51148078286375
7.20447081472333
5.92546917271943
6.67011903902025
7.74056389118979
9.56160036437165
7.35779253364203
7.13370434461879
8.78152584325165
9.29952360851911
6.80381989952538
5.75302910915137
8.07737139285598
6.79309565223486
8.48810220473349
6.88092217629469
9.57323930782505
8.47485142173165
8.50252319232383
5.36121641474674
6.04501387455376
6.97461133697948
5.7955815839108
8.38121482596822
8.76317242068885
6.70112608011824
9.06509129589673
5.5403721645077
5.47564055133832
7.03742967002366
6.4861104705687
7.90254164698189
6.07765638313268
9.16846871895409
8.66608746935129
10.1073090990156
9.24092715250606
8.77567898979758
6.2632751337089
5.69487934422232
6.5406325252105
8.90302076624568
6.37786728209767
7.04841615692858
6.07534936628322
7.59111764329251
6.61109535089647
5.76572538505817
7.46494643128717
5.37639639090427
7.16651220573608
9.19960774444808
9.2483377372076
9.68832049228428
7.08389766349231
7.74253350818531
9.51237978561919
5.87059578933429
7.18459341129694
6.64951583915465
7.80231222942428
7.26964633743785
6.39645663649504
4.52688609459561
6.15094106506382
9.06951645654151
4.69727422072145
6.66060227688334
8.4937790542684
6.63459643282537
7.13103011633364
6.20324099130197
9.75451325925796
5.55579312119815
5.88947636036902
6.09231173948973
6.56572882199373
8.65860301640085
8.42120403564205
5.97643018516036
6.23226558138617
6.97329844665659
6.07383779014047
9.08466224112706
7.16473724218943
5.82179378918409
8.01252896821151
6.41277185458537
6.7821808274191
8.54864530978757
6.42489785235403
6.72001637324167
8.021334489742
7.75172543977884
7.74662312728431
8.26089130687309
7.41236914105644
8.84495738859605
6.65576154967406
7.38193624754519
9.75601111525033
9.69582168358717
6.56145766475998
8.00403006530388
6.49285244596692
3.1889652832186
5.49649136686028
9.02962026210343
7.08516364308784
9.69652348168836
8.30900952499075
6.39917497359555
9.44955563408104
9.26594039970424
9.23872792755637
5.60599469060745
8.2188333655081
6.93892192116018
10.0020053954398
6.73747678804269
6.43523176208446
8.2617406913913
9.15711610083479
9.75713574589239
8.75230863699637
6.74518881911403
5.81212153836937
5.53255402357526
6.90192103347897
8.176254241126
7.11497763025753
5.64257955587459
5.27510278739758
8.37656853436338
5.23618176399826
5.42654698727069
5.93061120428173
9.40259049066203
5.54617503130194
6.25834405237859
6.01918932684827
5.11724971564729
8.91247490771368
7.08480114671012
6.03173524866235
8.38115101594139
9.00144531683936
7.43043668641386
5.78108074988091
6.04991678586485
8.01728586843458
5.32468419005644
7.38907042816725
6.40570514085757
5.39538456565874
7.84029408601728
5.23788992342076
7.82265213683561
9.2462057639426
6.83978431667752
7.12660592819118
5.69991137548703
4.25326318841519
9.82109699669184
7.3472994049816
6.30806163062179
4.34516072441116
8.96430993719302
9.25731011815376
8.51622096951667
6.15657063298185
6.23408799602855
6.32888814816265
7.6605231019399
7.6300842453522
6.01622973747132
8.18581876643876
8.15978324312771
9.59380697883569
4.98547439565189
6.14260421006063
6.31897466628054
6.15498860943315
6.36841900357795
7.12880074981334
6.18887571275002
7.09242600790859
6.71344540339388
9.79503740352787
5.57870166334609
7.48903210357459
9.54477404433401
6.70775688542177
9.76467286561556
9.65691996738818
3.53590523827243
8.63637005233014
6.55082355243709
7.85040411129083
8.30885432607561
8.4571131076129
8.80986377864748
6.25716773261644
8.77515076353641
6.62466393561134
9.0055181564178
9.69242034743679
8.01269664760533
6.63943709988965
8.86559737382805
6.47646786825847
6.40971171844955
6.27150420909354
7.99113113592463
8.65320135691754
4.69282525430968
6.50124219835464
8.8010810239835
8.21114628091803
6.3110095693586
5.85439055177612
5.93886259058731
6.04884773741346
8.31357099406744
8.67555708325221
7.32558988114264
9.09915667083245
7.05526224124528
9.47764325237067
5.50846536043277
6.44931398654341
6.62861825749793
5.62578769633472
5.28976674962165
9.92655376958868
5.22022812644404
5.91768717143187
5.6829757770678
6.53559211190997
8.05899688758926
6.7284923551027
9.84243023828815
5.27698599800717
7.99081156737688
9.0770795323183
8.48679333683362
7.55283535004015
5.34093425402158
5.25960210407049
6.00890626187225
8.48704227839515
7.13535648156759
7.86034138098907
7.09555571681783
7.65025392157249
5.98709476854541
6.84992115263588
6.5478824033007
8.38703199525897
8.94111388484501
6.23706247838041
6.87715341919231
6.31324972669127
5.57609570217476
6.67689897277246
5.00387575503545
7.97521456886595
8.71513166615185
6.95393046097276
8.97542589089916
8.54560236831135
7.18037609138652
9.24247565303034
7.66292365561162
8.98199155464709
9.51186893849778
4.2137140692904
7.19574989017081
6.43877760712554
6.83102201190346
8.99933653761457
5.73876061060406
8.72978361591877
7.83800890457264
6.10201299469216
7.52193063607973
6.647740437844
8.3426324757018
5.75074925967773
6.36817898999195
9.6651334718048
5.56369383111068
5.72599980128779
6.39148887707811
5.54455881143898
5.88801168093604
7.66845919458472
7.64397305456716
9.2489784911648
6.89273658845489
9.47339662639943
8.77499595469485
6.7288281689878
6.92154405750439
8.23040490657394
6.07223554742228
9.36164893569813
7.82458492154768
6.56767285373668
9.77839689718409
4.98451231091162
6.14864354697753
6.28678672466306
6.49472083181296
5.79788674925134
7.24732949355071
6.42082597508482
8.92427906036996
8.83422462016388
6.27772828920621
5.80021036707196
9.01194801032521
8.15717963510497
6.36376995705024
6.52627835059246
8.38940609323145
8.93255740533682
6.8286727640117
8.06449486523426
6.76392985480592
9.31670066452229
9.26848936969751
7.12574786391043
8.18903661789745
6.15817776276675
9.33020937660899
6.69162162382755
7.60475185691449
7.11711671879316
6.18671869078358
7.0731686418493
8.35614117472807
8.73581404925044
8.5599794765583
8.79548408582257
6.88632427175092
6.69364011391181
8.92832046154595
7.0373593754812
7.6018972669499
5.80454203544784
6.78197036833317
8.397847094716
8.76368187093535
8.99913409700128
6.01870009385235
7.37390680265708
8.69336869711628
7.67794970920622
9.53183395240234
8.3794779746447
6.9231320856954
6.58299859099613
6.4589445370771
6.54257680758674
9.30345265818793
7.74336193087007
6.45758393430543
6.42196271209154
9.66583410019884
5.48254894432153
9.4144747648471
6.26338257792695
7.48149874690003
7.11633919060177
8.55084930811678
8.6590944776845
7.872740165705
6.7207274861096
8.27078550968457
5.60893916426275
6.20727314996265
3.93143646714775
5.9934339547485
7.21445164855864
9.6740082281774
8.21174175778527
9.34709841958429
7.75702940860181
8.37570801619723
7.06429924736877
8.4921088353196
7.3009024484326
5.13100022601868
7.15095688711742
8.6609829098569
7.16274513208594
6.16598162668912
6.36328555750363
6.80103527320842
7.90301545397267
8.38160752019616
10.0266096911148
8.47679962764471
6.18786936826521
6.29343619366652
7.00824036880942
6.22891025135872
8.03489824378852
8.80931113612373
6.39207562285943
9.20320716599062
10.3671984834136
6.54060859800108
6.77718750237685
9.73381862615959
5.74933844715426
7.05202389731163
6.51480137752762
8.36328120519971
9.36342236808823
7.22776069509838
7.70714335797256
7.31797121008994
6.81412620961913
8.39049784692623
7.44263071469339
9.02962589673687
4.90837650205678
7.97878492855501
7.29631318236827
7.47601709930233
5.95733350839427
8.71325321164692
6.6524164396514
7.5308434859491
8.4112596472312
9.35663787652711
6.03734896571645
4.46432639181792
7.86036280565404
5.77464989117422
6.75980383822941
6.20103857249618
10.1716909061449
5.906999288564
6.89886373928663
8.77195088331001
5.75168384404845
9.34495641641539
8.79657822866422
7.16107627163914
6.99476555684416
9.72655725409585
9.19344797153061
5.6649669464426
6.15989169955579
7.44253759680611
7.44485565578456
9.09108394530353
7.33502725209911
8.82828538897944
7.79870195267727
8.2226802892752
6.3150310346062
8.4324952427604
9.76249202011108
8.56622393446134
5.28553680388343
6.48226429088955
6.61293036415456
7.45404867980965
6.84384685503982
7.91561800989782
5.88265269549431
8.07758356141086
9.00106463064605
9.00966447440978
6.80452564024942
9.96715691946535
7.37757547792039
6.61517202982303
7.11233345412755
6.58916997548044
9.35791144513757
8.4447210883578
7.42459726459506
5.74008941056593
7.84721384085841
6.14772106065711
9.14694839899109
9.43893177873522
8.23309964027345
6.09936337028481
5.02694290133784
6.23280151958606
6.14878728897765
7.41118124594897
8.47893355188016
6.83924008360222
6.13760812467997
6.04435066743994
6.37736218926892
6.76991705649811
5.49824080553008
7.81570956346446
7.77853163388808
6.67047189981265
6.84083426673608
9.73340141023666
10.5374627367293
7.0854321132879
8.52498833901443
6.46259600652878
6.00064002597666
6.27117788087609
8.23697595858894
7.60467550057136
5.11908466369354
7.91473232307907
7.37105816606707
5.94566483877988
6.89629429059155
9.22559855465433
7.12074443873339
7.90536819666656
8.87745253444282
8.09352139235293
5.48773554500627
9.45889926946827
8.43614195656835
6.20802490697349
6.37059870929459
9.09632947560707
6.46501696045441
8.31264090803998
7.70586003786873
5.94555568873709
7.40536643561599
5.8051897661131
6.34704312929689
7.88725307285593
7.29850349697255
5.75636015642775
9.40426464571067
9.47456161779821
5.73992773888044
6.85523452550922
9.67530574616168
5.88304992490656
7.41253723633392
7.81158334207668
8.3223059401899
8.61780914588221
7.88694848201255
8.79243062184915
6.97084573845366
8.78695383582188
7.51034148467359
7.29627512832728
7.88713653971215
7.61593672917552
5.51328553534196
8.46858919300842
6.51988379791761
8.17360499777302
8.27548917241753
8.63685039195859
9.12552250267907
6.56947143968798
6.71777717078134
9.50531418026826
5.92999709708048
5.20460884462173
7.04078957337575
9.15404768811727
6.31920746242149
6.84189092724301
10.2562796962193
7.14562874180685
5.47739078552663
9.33257744900962
5.15198789309756
8.7501684975953
8.77465018096381
6.88007587481152
7.74314324724968
8.05022447063671
5.53356857322007
6.80028676719483
5.49423774522773
6.05516614810042
7.04455457941511
8.91456684634915
9.81554396618407
8.12272146698815
9.14998777160731
5.7388598270683
4.836329571258
8.00319126986417
5.82018943499741
8.51287527075465
6.16476312041109
8.95178625609618
6.98584394189774
9.88459107628649
6.37377370364887
6.38026801720793
6.7514465697324
8.85909185790463
6.44807144031017
6.20599838943614
8.344417036201
4.29647406628112
6.31590855969563
7.59856709844218
6.08698816763549
6.48765566670227
8.23329561728969
7.2611574993903
8.83871328849311
9.93055131999686
6.2057813755831
5.49280133145169
8.22546770787541
7.84376556281993
7.47665285829799
5.88202871384516
7.91067034032681
6.74172491086428
8.03828443653741
7.17165123986465
10.0465392907632
6.10729539414405
7.48512890225237
8.53872686204424
6.82920400424167
6.28022411269357
5.75956211351568
7.99373216469615
6.90433348928584
5.98485587273744
8.79601461609124
9.30921203413028
9.89779278671656
7.74434871546149
5.85251541113461
8.81906227007902
8.19414147794214
6.21055657691772
6.30111083787047
7.9419730245861
8.95159914010475
8.01704148830466
8.09938516681609
6.70583361498224
8.74867115377724
6.56310753860879
6.18857473301049
9.16014442103514
8.12208524427648
7.87241331200649
6.1407942125037
6.5572592120656
5.64001459948059
8.59071454844838
7.52171549324929
7.46666100293111
6.46171355409686
6.22668906777757
9.22009832766979
6.43295211329023
9.14700561825701
7.23335638272718
7.54481917037923
6.71748174983916
5.7482464682777
9.87529531784706
9.83242741702281
7.82888678747706
8.93529014492671
6.79616230509931
9.35191345511366
8.87614479835367
8.30186192465326
8.07351898358978
9.44789407670909
8.40619594145286
9.18929868823141
7.62423840639169
7.00430253365457
7.88035621217768
5.62337959954921
7.29834650824893
7.39043762121519
9.6638051774483
9.12929924088993
8.97476418027191
7.14226982675853
6.62005777767601
5.96758139313083
6.46244269875152
7.63349196411835
6.10113111282691
7.9881349287684
7.7061140758855
7.15786425389513
5.11370979375562
7.31492675355787
6.85752478622979
7.63267523487434
9.74179128895585
4.55195994507626
5.76349787862365
7.30076623066259
8.29136461988381
7.12835242423352
6.91017343168836
8.72299319813372
8.85527674177577
8.07550891764758
4.67346772850098
9.81290990980508
5.62434067080528
8.82504926992549
6.27010069675047
6.45233901355715
4.23138053354234
5.78179514746844
6.61851884333869
6.81545994114051
8.64161767407318
3.7878902074769
9.17319960419131
9.55120329790178
4.83399711926818
6.79583423075364
7.93158148203092
5.42576374740088
8.78683606333752
7.96087083107512
8.66783867634221
6.73769347408031
8.73585826980396
5.42540144070501
8.00325244185245
8.67261258367377
10.1493346914442
7.20307711979715
8.09867045478412
7.32621559575643
6.83162641135787
8.49353003574775
7.35595076632121
8.66121867597738
7.2144848208625
8.0549248178832
4.93405033855316
8.56756854711752
7.86848102708213
8.12411746093394
6.53873643994798
9.10448334530767
9.81748989052964
4.75682652487445
6.9243056040324
7.21118246260455
6.1728794243351
6.96961276869757
6.37929610979872
8.47012877103642
6.94974317179162
8.07159948497869
6.24169573703136
6.79545443369758
7.21259727475348
7.33970752060161
7.56516141184713
10.3267258472564
9.28080411372363
6.36947171704192
7.35544289982084
5.39724785640153
6.77615322906276
9.01917265830709
8.79015866899409
7.37756477126341
6.09971209096741
9.38341779754631
6.73193294896734
8.00640617002364
6.69447954793409
7.2122953573582
6.1422754495774
6.52048603157265
9.14474439367825
7.96635143464662
8.79866667097901
6.01453550312041
3.0162869133727
6.7780970913317
7.09626258085376
7.25744676905254
8.51525449772215
5.435216298375
7.37067544118094
7.72861193248703
6.72483575508794
8.60444757316245
6.04275334535308
4.15259408744128
6.08035765180966
8.2931294238691
9.15467043097583
5.66024369854134
9.46109953797919
5.73555074921425
9.7992179014346
5.26844302088189
7.9223262989204
7.96072320874932
6.60136201438944
8.82932725663903
7.35657398742197
9.35158023405551
5.68400991163449
6.90028775950019
5.16804528393564
6.65882091604146
5.63346809559937
6.57697835378147
6.53168373217927
8.52391530668761
5.61024443293061
9.29911384092366
7.57192490145704
7.93208088532868
5.97194363448307
7.76271169608354
7.84549087410808
6.35995045988415
8.86694351260197
7.09001206459489
4.89795064165477
6.42026812444007
5.95195250759345
4.94224715932797
9.68647110907378
6.60803801953308
6.89418150910628
6.39320647866022
7.85418882096819
8.81926647502787
7.0009433608421
6.16947977507802
9.18017187503856
9.40700864908136
8.5290555528365
7.52749884587919
8.06875037890756
7.10147347890616
6.85284232723817
9.76993900476478
4.32325232354056
7.188451716868
9.02146998412859
7.22485430328847
7.05789083941493
9.9695535494381
8.57781760506388
7.04322482499879
9.48998986899854
7.76837739295119
6.00334905683433
7.88965254175976
7.61234422538381
9.79320374756282
5.7020031726305
5.66139023953248
8.02171021515365
8.54959261411354
5.77693668394582
9.84656777901993
7.49069389333399
6.35090935668752
6.12160906028784
5.46060970171061
7.94528587459939
5.68190847155151
6.16154210655563
7.58036515654504
9.85187003253206
5.21400512620332
6.88150966501824
6.36809151213308
7.57443726797709
8.49439023035498
6.68221059820301
5.71758031165454
6.67110154946848
6.45131395550896
5.88978627118602
6.40865682273362
8.24198464138181
6.47623161580414
6.45879537112812
9.48432076520013
6.855056875659
8.36899042875342
7.57359043266237
7.69082189240287
8.9051532764157
9.4095082459258
6.51896637594946
5.70541221687045
6.16067869857053
6.37415886741658
6.24479940958028
9.91498288659537
8.22511863338245
9.1092204976823
9.48216401995457
9.46135295630852
8.3147481035926
7.8622809557872
6.85782808264327
6.04542755312377
6.19332067497368
7.06011231150644
6.70088162159303
8.67464206298977
9.01986201510368
7.60654744964576
6.26514830763018
